          Stevenson et al. (1986) 
15.40     0.633
15.90     1.029
16.40     1.371
16.90     1.602
17.40     1.914
17.90     2.114
18.40     2.374

          Metcalfe et al. (1991)
19.73     2.853  0.068 0.081
20.23     3.044  0.054 0.061
20.73     3.238  0.059 0.068
21.23     3.374  0.042 0.047
21.72     3.603  0.041 0.045
22.22     3.782  0.025 0.027
22.72     3.978  0.029 0.034
23.22     4.119  0.025 0.026

          Metcalfe et al. (1995) 
22.44     3.850 3.850  0.091 0.116
22.94     4.030 4.030  0.077 0.093
23.43     4.162 4.183  0.068 0.079
23.93     4.362 4.395  0.063 0.075
24.43     4.552 4.597  0.060 0.068
24.93     4.739 4.795  0.046 0.052

          Koo et al. (1986)
18.87     2.30  0.091 0.115
19.33     2.63  0.071 0.084
19.87     2.82  0.068 0.080
20.33     2.96  0.060 0.069
20.87     3.18  0.053 0.060
21.33     3.44  0.046 0.052
21.87     3.66  0.037 0.041

          Jones et al (1990) 
18.32     2.278  0.021 0.022
18.82     2.504  0.024 0.025
19.32     2.731  0.019 0.020
19.82     2.938  0.016 0.017
20.32     3.112  0.020 0.021
20.82     3.298  0.023 0.024
21.32     3.448  0.025 0.026
21.82     3.616  0.027 0.029

          Tyson (1988) 
20.90     3.08  0.069 0.083 
21.40     3.27  0.058 0.067
21.90     3.46  0.046 0.052
22.40     3.71  0.037 0.040
22.90     3.93  0.030 0.032
23.40     4.08  0.026 0.028
23.90     4.28  0.023 0.025
24.40     4.47  0.020 0.021
24.90     4.65  0.018 0.018
25.40     4.88  0.016 0.017
25.90     5.18  0.016 0.016

          Couch & Newell (1984) 
18.26     2.32  0.064 0.074
18.76     2.56  0.051 0.057
19.26     2.80  0.043 0.047
19.76     2.95  0.039 0.042
20.26     3.15  0.033 0.042
20.76     3.32  0.030 0.033
21.26     3.44  0.024 0.025

          Infante et al (1986) 
21.54     3.38  0.042 0.046
21.04     3.20  0.049 0.056
20.54     3.08  0.058 0.067
20.04     2.91  0.065 0.076
19.54     2.79  0.072 0.087
19.04     2.54  0.078 0.095
18.54     2.28  0.093 0.118
18.04     2.00  0.116 0.161

          Steidel & Hamilton (1993)
21.33     3.552  0.097 0.125
21.83     3.765  0.084 0.104
22.33     3.834  0.079 0.097
22.83     4.025  0.068 0.081
23.33     4.181  0.060 0.069
23.83     4.375  0.050 0.057
24.33     4.491  0.045 0.050
24.83     4.596  0.039 0.042

          Picard (1991)
15.69     1.027
16.19     1.282
16.69     1.487
17.19     1.716
17.69     1.953
18.19     2.152
18.69     2.371

          Yee & Green (1987) 
19.41     2.674  0.11 0.15
19.91     2.865  0.08 0.11
20.41     3.081  0.06 0.09
20.91     3.316  0.06 0.07
21.41     3.526  0.04 0.05
21.91     3.605  0.04 0.04
22.41     3.773  0.11 0.13

          Hall & Mackay (1984) 
19.10     2.73  0.182 0.319
19.59     2.98  0.147 0.219
20.09     3.21  0.123 0.176
20.60     3.21  0.121 0.169
21.11     3.39  0.102 0.134
21.62     3.54  0.090 0.113
22.13     3.71  0.075 0.091

          Driver et al. (1994) 
24.75     4.835  0.052 0.059
24.25     4.668  0.067 0.080
23.75     4.481  0.072 0.084
23.25     4.172  0.087 0.107
22.75     4.076  0.094 0.121
22.25     3.722  0.117 0.159

          Couch et al. (1993) 
20.12     3.006  0.014 0.015
20.62     3.178  0.012 0.012
21.06     3.350  0.010 0.010
21.50     3.520  0.009 0.009
21.99     3.689  0.008 0.008
22.49     3.868  0.006 0.006
22.88     4.034  0.004 0.004

          Smail et al. (1995) 
24.25     4.483
24.75     4.610
25.25     4.818
25.75     4.986
26.25     5.145

          Metcalfe et al. (2000)
21.70     3.514 3.514 0.063 0.074
22.20     3.673 3.673 0.053 0.061
22.70     3.906 3.906 0.041 0.046
23.20     4.089 4.089 0.034 0.037
23.70     4.252 4.31 0.028 0.030
24.20     4.473 4.54 0.022 0.023
24.70     4.595 4.70 0.019 0.020
25.20     4.744 4.90 0.016 0.017
25.70     4.822 5.04 0.015 0.015

          Metcalfe et al. (2000)
23.25     4.078 0.10 0.14
23.65     4.476 0.07 0.08
24.15     4.476 0.07 0.08
24.65     4.639 0.05 0.05
25.15     4.881 0.04 0.05
25.65     5.029 0.04 0.04
26.15     5.117 0.03 0.04
26.65     5.228 0.03 0.03
27.15     5.342 0.02 0.03
27.65     5.521 0.02 0.02
28.15     5.628 0.02 0.02
28.65     5.638 0.02 0.02

          Metcalfe et al. (2000)
23.25     4.274 0.08 0.10
23.75     4.500 0.07 0.08
24.25     4.463 0.07 0.08
24.75     4.801 0.05 0.05
25.25     4.949 0.04 0.04
25.75     5.056 0.04 0.04
26.25     5.175 0.03 0.03
26.75     5.258 0.03 0.03
27.25     5.397 0.02 0.03
27.75     5.565 0.02 0.02
28.25     5.621 0.02 0.02

          Metcalfe et al. (1998)
15.00     0.118 0.04 0.05
14.50    -0.117 0.06 0.06
14.00    -0.394 0.08 0.09

          Hogg et al. (1997)
21.75     3.63
22.25     3.78
22.75     3.91
23.25     4.11
23.75     4.25
24.25     4.44
24.75     4.56

          Bertin & Dennefeld. (1997)
14.75     0.17
15.25     0.51
15.75     0.78
16.25     1.06
16.75     1.31
17.25     1.59
17.75     1.86
18.25     2.14
18.75     2.38
19.25     2.65

          Metcalfe et al. (2000)
23.15     4.187 0.09 0.11
23.65     4.332 0.08 0.09
24.15     4.430 0.06 0.07
24.65     4.584 0.06 0.06
25.15     4.788 0.04 0.04
25.65     4.934 0.04 0.04
26.15     5.047 0.03 0.03
26.65     5.173 0.03 0.03
27.15     5.297 0.02 0.02
27.65     5.414 0.02 0.02
28.15     5.558 0.02 0.02
28.65     5.443 0.02 0.02

          Arnouts et al. (1999) 
22.62     3.72
23.12     4.10
23.62     4.28
24.12     4.43
24.62     4.69
25.12     4.85
25.62     4.97
26.12     5.07
  
          Arnouts et al. (2001) 
17.11     1.66
17.61     1.83
18.11     2.17
18.61     2.36
19.11     2.54
19.61     2.74
20.11     2.92
20.61     3.15
21.11     3.37
21.61     3.55
22.11     3.75
22.61     3.95
23.11     4.13
23.61     4.31
24.11     4.43

          Huang et al. (2001)
15.95 0.69 0.30 0.54
16.45 1.39 0.16 0.26
16.95 1.17 0.19 0.38
17.45 1.39 0.16 0.26
17.95 1.87 0.09 0.13
18.45 2.10 0.08 0.09
18.95 2.44 0.06 0.06
19.45 2.68 0.05 0.04
19.95 2.86 0.03 0.04
20.45 3.11 0.02 0.03
20.95 3.27 0.03 0.02
21.45 3.47 0.02 0.02
21.95 3.60 0.02 0.01
22.45 3.78 0.02 0.01
22.95 4.05 0.01 0.01

           Kummel & Wagner (2001)
16.375 1.35 0.08 0.10
16.875 1.58 0.06 0.08
17.375 1.66 0.06 0.07
17.875 1.79 0.05 0.06
18.375 2.12 0.04 0.05
18.875 2.38 0.03 0.04
19.375 2.59 0.02 0.03
19.875 2.81 0.02 0.02
20.375 3.01 0.01 0.02
20.875 3.23 0.01 0.01
21.375 3.39 0.01 0.01
21.875 3.53 0.01 0.01
22.375 3.73 0.01 0.01
22.875 3.97 0.01 0.01


           Capak et al. (2004) 
20.02  2.80 0.04 0.04
20.52  3.08 0.03 0.03
21.02  3.32 0.02 0.02
21.52  3.45 0.02 0.02
22.02  3.65 0.01 0.02
22.52  3.85 0.01 0.01
23.02  4.03 0.01 0.01
23.52  4.22 0.01 0.01
24.02  4.38 0.01 0.01
24.52  4.54 0.01 0.01
25.02  4.67 0.01 0.01
25.52  4.77 0.01 0.01

           Kashikawa et al. (2004)
18.050	2.350	2.169	
18.550	2.597	2.269	
19.050	2.695	2.291	
19.550	2.868	2.597	
20.050	2.990	2.812	
20.550	3.175	3.055	
21.050	3.361	3.279	
21.550	3.544	3.477	
22.050	3.743	3.698	
22.550	3.918	3.891	
23.050	4.087	4.068	
23.550	4.290	4.293	
24.050	4.480	4.498	
24.550	4.649	4.674	
25.050	4.770	4.807	
25.550	4.871	4.942	
26.050	4.940	5.089	
26.550	4.981	5.246	

           McCracken et al. (2003) 
18.25 2.41 0.02 0.02
18.75 2.47 0.02 0.02
19.25 2.63 0.02 0.02
19.75 2.83 0.02 0.02
20.25 2.99 0.01 0.01
20.75 3.17 0.01 0.01
21.25 3.32 0.01 0.01
21.75 3.52 0.01 0.01
22.25 3.70 0.01 0.01
22.75 3.89 0.01 0.01
23.25 4.07 0.01 0.01
23.75 4.28 0.01 0.01
24.25 4.45 0.01 0.01
24.75 4.59 0.01 0.01

          Yasuda et al (2001)
13.25 -0.494 0.04 0.04
13.75 -0.144 0.02 0.03
14.25  0.222 0.02 0.02
14.75  0.448 0.01 0.01
15.25  0.735 0.01 0.01
15.75  1.033 0.01 0.01
16.25  1.289 0.01 0.01
16.75  1.565 0.01 0.01
17.25  1.814 0.01 0.01
17.75  2.060 0.01 0.01
18.25  2.302 0.01 0.01
18.75  2.534 0.01 0.01
19.25  2.735 0.01 0.01
