          Metcalfe et al. (2001)
21.95     3.514 3.514 0.063 0.074
22.45     3.673 3.673 0.053 0.061
22.95     3.906 3.906 0.041 0.046
23.45     4.089 4.089 0.034 0.037
23.95     4.252 4.31 0.028 0.030
24.45     4.473 4.54 0.022 0.023
24.95     4.595 4.70 0.019 0.020
25.45     4.744 4.90 0.016 0.017
25.95     4.822 5.04 0.015 0.015

          Arnouts et al. (2001) 
17.30     1.66
17.80     1.83
18.30     2.17
18.80     2.36
19.30     2.54
19.80     2.74
20.30     2.92
20.80     3.15
21.30     3.37
21.80     3.55
22.30     3.75
22.80     3.95
23.30     4.13
23.80     4.31
24.30     4.43

          Huang et al. (2001)
16.00 0.69 0.30 0.54
16.50 1.39 0.16 0.26
17.00 1.17 0.19 0.38
17.50 1.39 0.16 0.26
18.00 1.87 0.09 0.13
18.55 2.10 0.08 0.09
19.00 2.44 0.06 0.06
19.55 2.68 0.05 0.04
20.00 2.86 0.03 0.04
20.55 3.11 0.02 0.03
21.00 3.27 0.03 0.02
21.55 3.47 0.02 0.02
22.00 3.60 0.02 0.01
22.55 3.78 0.02 0.01
23.00 4.05 0.01 0.01

           Metcalfe et al. (2002)
18.00        1.985 0.15 0.15
18.50        2.538 0.08 0.08
19.00        2.538 0.08 0.08
19.50        2.872 0.06 0.06
20.00        2.959 0.05 0.05
20.50        3.193 0.04 0.04
21.00        3.295 0.03 0.03
21.50        3.441 0.03 0.03
22.00        3.590 0.03 0.03
22.50        3.742 0.02 0.02
23.00        3.95  0.02 0.02
23.50        4.102 0.01 0.02
24.00        4.278 0.01 0.01
24.50        4.431 0.01 0.01
25.00        4.552 0.01 0.01
25.50        4.626 0.01 0.01
26.00        4.590 0.01 0.01

           Capak et al. (2004) 
20.25  2.80 0.04 0.04
20.75  3.08 0.03 0.03
21.25  3.32 0.02 0.02
21.75  3.45 0.02 0.02
22.25  3.65 0.01 0.02
22.75  3.85 0.01 0.01
23.25  4.03 0.01 0.01
23.75  4.22 0.01 0.01
24.25  4.38 0.01 0.01
24.75  4.54 0.01 0.01
25.25  4.67 0.01 0.01
25.75  4.77 0.01 0.01

           Kashikawa et al. (2004) 
18.250	2.350	2.169	
18.750	2.597	2.269	
19.250	2.695	2.291	
19.750	2.868	2.597	
20.250	2.990	2.812	
20.750	3.175	3.055	
21.250	3.361	3.279	
21.750	3.544	3.477	
22.250	3.743	3.698	
22.750	3.918	3.891	
23.250	4.087	4.068	
23.750	4.290	4.293	
24.250	4.480	4.498	
24.750	4.649	4.674	
25.250	4.770	4.807	
25.750	4.871	4.942	
26.250	4.940	5.089	
26.750	4.981	5.246	

           McCracken et al.(2003) 
18.50 2.41 0.02 0.02
19.00 2.47 0.02 0.02
19.50 2.63 0.02 0.02
20.00 2.83 0.02 0.02
20.50 2.99 0.01 0.01
21.00 3.17 0.01 0.01
21.50 3.32 0.01 0.01
22.00 3.52 0.01 0.01
22.50 3.70 0.01 0.01
23.00 3.89 0.01 0.01
23.50 4.07 0.01 0.01
24.00 4.28 0.01 0.01
24.50 4.45 0.01 0.01
25.00 4.59 0.01 0.01

          Yasuda et al (2001) 
13.50 -0.494 0.04 0.04
14.00 -0.144 0.02 0.03
14.50  0.222 0.02 0.02
15.00  0.448 0.01 0.01
15.50  0.735 0.01 0.01
16.00  1.033 0.01 0.01
16.50  1.289 0.01 0.01
17.00  1.565 0.01 0.01
17.50  1.814 0.01 0.01
18.00  2.060 0.01 0.01
18.50  2.302 0.01 0.01
19.00  2.534 0.01 0.01
19.50  2.735 0.01 0.01